  1.53   3.13 0
  0.58   2.83 0
  0.28   2.69 0
  1.14   2.14 0
  1.46   3.39 0
  0.78   3.06 0
  1.92   3.42 0
  1.43   3.04 0
  0.98   2.96 0
  0.80   3.63 0
  0.62   2.78 0
  1.39   3.33 0
  0.91   2.94 0
 -0.16   1.56 0
  0.76   2.79 0
  1.59   4.34 0
  0.37   2.34 0
  0.68   1.80 0
  1.09   2.79 0
  1.06   2.80 0
  1.22   4.41 0
  1.74   2.65 0
  1.62   3.66 0
  1.20   3.45 0
  1.43   4.00 0
  0.55   2.93 0
  0.75   3.66 0
  0.60   2.50 0
  0.05   1.96 0
  1.38   3.06 0
 -0.18   2.66 0
  0.96   2.77 0
  0.91   2.71 0
  0.99   3.74 0
  0.93   3.81 0
  0.36   2.39 0
  0.79   3.25 0
  2.04   3.26 0
  1.96   3.21 0
  1.00   2.74 0
  1.29   2.90 0
  0.36   3.52 0
  0.61   3.50 0
  0.78   3.22 0
  2.31   4.64 0
  0.73   2.63 0
  0.96   2.40 0
  1.72   2.76 0
  1.04   2.56 0
  1.32   2.69 0
  0.21   1.75 0
  1.97   3.81 0
  1.17   3.00 0
  1.09   3.19 0
  0.93   2.26 0
  0.66   3.12 0
  0.78   2.36 0
  1.60   3.19 0
  1.59   3.84 0
  1.02   3.14 0
  1.27   2.84 0
  1.27   3.27 0
  1.20   3.28 0
  1.38   4.77 0
  1.45   3.36 0
  0.30   2.32 0
  1.90   4.01 0
  0.66   3.25 0
  0.35   2.26 0
  1.10   3.58 0
  0.12   2.35 0
  1.49   3.96 0
  1.46   3.03 0
  2.13   3.52 0
 -0.01   3.22 0
  1.16   3.40 0
  1.12   3.52 0
  0.45   2.94 0
  0.01   1.84 0
  1.21   3.09 0
  0.61   2.93 0
  1.68   3.55 0
  1.08   2.59 0
  0.80   2.63 0
  2.37   4.29 0
  1.92   3.56 0
  0.73   2.28 0
  0.33   2.25 0
  0.64   2.55 0
  0.77   2.68 0
  1.47   2.89 0
  1.22   4.43 0
  1.07   3.00 0
  1.64   3.14 0
  0.43   3.40 0
  0.71   2.50 0
  0.53   3.02 0
  0.48   1.84 0
  1.01   3.54 0
  1.38   3.21 0
  0.41   2.52 0
 -0.25   1.13 0
  0.64   2.05 0
  1.22   2.85 0
  1.57   4.46 0
  1.16   3.40 0
  1.81   3.36 0
  0.70   3.08 0
  0.44   2.15 0
  0.52   1.68 0
  0.36   2.40 0
  1.29   3.68 0
  0.66   2.81 0
  1.11   2.45 0
  1.18   3.57 0
  1.04   3.71 0
  1.72   3.00 0
  0.35   3.89 0
  0.58   3.15 0
  1.03   2.82 0
  1.66   3.72 0
  2.11   3.49 0
  0.34   2.42 0
  1.14   2.44 0
  1.55   2.80 0
  0.74   2.61 0
  1.77   3.29 0
  0.56   2.57 0
  1.46   3.50 0
  1.65   2.72 0
  2.50   4.27 0
  0.62   2.60 0
  0.97   2.88 0
 -0.01   1.97 0
  0.82   3.61 0
  1.07   2.85 0
  0.73   2.41 0
  0.38   3.41 0
  1.64   4.26 0
  1.06   2.81 0
  0.96   3.01 0
  1.53   1.77 0
  1.52   2.14 0
  0.13   2.95 0
  1.32   3.04 0
  1.63   3.71 0
 -0.01   2.52 0
  1.85   2.51 0
  0.44   2.15 0
  0.02   3.00 0
  1.31   3.86 0
  0.47   2.61 0
  1.35   2.97 0
  1.83   3.63 0
  1.37   3.86 0
  0.92   3.14 0
  0.95   2.55 0
  1.63   3.72 0
  1.10   2.19 0
 -0.40   1.81 0
  1.19   3.55 0
  1.66   3.07 0
  0.79   3.19 0
  1.37   2.92 0
  1.32   2.75 0
  1.13   4.55 0
  1.50   3.59 0
 -0.10   1.61 0
  1.50   3.84 0
  1.78   3.10 0
  2.50   3.57 0
  0.64   2.88 0
  0.12   3.15 0
  0.04   2.73 0
  0.90   2.42 0
  0.75   2.45 0
  1.12   2.92 0
  0.20   2.23 0
  0.37   3.23 0
  1.57   2.68 0
  0.88   3.00 0
  1.97   4.49 0
 -0.24   2.32 0
  1.11   3.58 0
  1.99   4.27 0
  1.16   2.94 0
  0.52   3.17 0
  1.34   2.89 0
  0.68   2.70 0
  1.53   4.14 0
 -0.11   1.38 0
  1.28   4.17 0
 -0.21   2.23 0
  1.46   3.11 0
  0.93   2.48 0
 -0.56   3.18 0
  1.04   3.08 0
  0.63   3.25 0
  1.36   3.72 0
  2.40   5.45 0
  1.58   2.84 0
  1.27   2.78 0
  0.34   2.79 0
  1.42   3.12 0
  1.70   4.04 0
  0.23   2.28 0
  1.40   3.23 0
  1.03   3.24 0
  0.87   2.80 0
  1.75   4.63 0
  0.93   1.93 0
  0.94   2.72 0
  0.24   2.16 0
  0.55   2.13 0
  1.97   2.97 0
  0.30   3.23 0
  0.91   2.98 0
  2.04   2.30 0
  0.66   4.10 0
  2.09   3.99 0
  1.92   2.28 0
 -0.00   2.62 0
  0.94   2.80 0
  1.00   2.21 0
  0.43   2.67 0
  0.47   2.80 0
  0.70   2.93 0
  0.19   2.26 0
  0.80   2.93 0
  1.51   3.42 0
  1.76   4.19 0
  0.16   2.02 0
  0.65   3.30 0
  2.47   4.30 0
  1.09   2.52 0
  1.29   3.28 0
  0.44   3.06 0
  1.97   3.73 0
  0.88   2.48 0
  0.46   2.69 0
  0.92   3.35 0
  1.96   3.06 0
  0.73   3.75 0
  1.31   2.70 0
  1.71   3.49 0
  0.56   2.44 0
  0.86   2.62 0
  1.36   3.68 0
  0.69   1.50 0
  0.28   2.94 0
  2.26   3.83 0
  1.39   3.61 0
  2.41   3.94 0
 -0.69   1.32 0
  0.81   2.01 0
  1.00   3.39 0
  0.01   2.37 0
  1.58   3.20 0
  0.39   2.12 0
  0.79   2.25 0
 -0.28   2.91 0
  0.08   2.24 0
  0.34   3.34 0
  0.62   3.12 0
  1.38   3.75 0
  0.59   3.09 0
  0.61   3.69 0
 -1.21   1.86 0
  1.07   3.81 0
  0.24   2.92 0
  1.19   3.40 0
  0.66   2.90 0
  1.25   3.29 0
 -0.49   1.79 0
  1.97   3.65 0
 -0.92   2.47 0
  0.22   1.97 0
  1.93   3.47 0
 -0.34   1.99 0
  1.33   2.98 0
  2.35   3.10 0
  2.15   3.77 0
  1.37   3.11 0
  2.96   4.57 0
  0.82   2.97 0
  1.99   2.84 0
  0.71   1.68 0
  1.39   3.30 0
 -0.90   2.67 0
  2.09   4.34 0
  1.30   3.16 0
  1.42   3.66 0
 -0.18   2.16 0
  1.15   2.68 0
 -0.08   2.03 0
  1.21   2.30 0
 -0.13   2.61 0
  0.25   1.93 0
  0.53   2.68 0
  1.95   4.82 0
  1.98   0.75 1
  2.62  -0.16 1
  3.45   0.40 1
  3.46   1.05 1
  3.14   0.82 1
  3.16   2.21 1
  3.40   1.30 1
  3.72   1.43 1
  2.63   0.79 1
  2.37   1.27 1
  2.90   0.09 1
  2.73   1.20 1
  3.19   0.94 1
  2.67   0.88 1
  3.12   1.23 1
  2.94   0.39 1
  3.15  -0.01 1
  3.17   0.68 1
  3.62   1.03 1
  3.60   1.83 1
  2.44   0.61 1
  2.52   0.37 1
  2.78   2.26 1
  2.02   0.36 1
  2.67   1.24 1
  2.51   0.15 1
  3.10   2.23 1
  3.31   0.98 1
  2.12  -0.08 1
  1.74   0.18 1
  2.49   0.62 1
  4.38   1.82 1
  4.09   1.80 1
  3.04   1.75 1
  2.70   1.15 1
  1.78  -0.32 1
  2.82   0.62 1
  3.18   0.93 1
  2.53   1.24 1
  3.39   1.34 1
  3.07   0.29 1
  3.76   1.94 1
  2.85   1.64 1
  4.16   2.38 1
  2.78   0.84 1
  3.40   0.61 1
  1.78   0.34 1
  3.40   1.71 1
  2.60   0.42 1
  3.45   1.50 1
  1.92   0.69 1
  2.18   0.04 1
  4.04   1.90 1
  3.09   0.95 1
  3.59   0.75 1
  3.32   1.52 1
  3.61   0.79 1
  3.06   0.99 1
  3.07   1.45 1
  2.21   1.52 1
  2.66   1.22 1
  2.39   0.40 1
  3.57   1.53 1
  2.29   0.93 1
  2.96   1.01 1
  3.44   1.10 1
  3.02   0.44 1
  1.63   0.98 1
  3.24   2.04 1
  2.92  -0.00 1
  3.60   1.03 1
  2.03   0.56 1
  2.70   0.66 1
  2.31   2.04 1
  2.70   1.03 1
  1.94   0.33 1
  2.38   0.30 1
  3.54   1.72 1
  3.42   0.97 1
  2.99   0.68 1
  3.83   0.69 1
  4.21   1.83 1
  2.38   0.64 1
  3.07   1.35 1
  3.88   2.04 1
  3.25   1.00 1
  3.10   1.21 1
  3.41   1.19 1
  3.71   0.35 1
  3.11   1.48 1
  4.20   2.03 1
  2.78   0.93 1
  2.17   0.98 1
  2.39   0.75 1
  4.19   3.12 1
  2.68   0.89 1
  4.49   2.63 1
  3.32   0.87 1
  2.17   0.07 1
  3.15   1.23 1
  3.95   1.27 1
  2.16   0.43 1
  2.24   0.36 1
  2.65   0.26 1
  2.77   1.22 1
  3.42   1.65 1
  2.05   0.13 1
  3.69   1.94 1
  2.30   0.18 1
  4.73   2.72 1
  2.80   0.41 1
  2.81   0.95 1
  3.40   1.13 1
  3.66   2.35 1
  1.29   0.58 1
  3.62   1.01 1
  2.63   1.59 1
  2.85   1.24 1
  3.17   1.78 1
  3.44   1.54 1
  1.76   0.85 1
  1.49  -0.03 1
  3.30   1.45 1
  3.84   1.49 1
  2.68   1.38 1
  3.89   1.42 1
  3.14   0.98 1
  2.26   0.42 1
  1.83   0.19 1
  3.18   1.68 1
  3.00   1.30 1
  3.02   1.32 1
  3.20   0.74 1
  2.64  -0.34 1
  2.56   1.63 1
  3.13   1.75 1
  2.80   0.12 1
  3.49   1.81 1
  2.42   1.15 1
  2.59   0.78 1
  3.40   1.15 1
  2.94  -0.59 1
  1.73   0.42 1
  3.61   1.81 1
  2.75   1.46 1
  3.06   1.53 1
  3.07   1.32 1
  2.69   1.25 1
  3.71   1.25 1
  2.69   1.03 1
  3.25   1.52 1
  3.13   1.45 1
  3.02   0.60 1
  1.59  -0.69 1
  3.80   1.09 1
  2.53   1.06 1
  3.72   1.72 1
  1.47   0.33 1
  2.87   1.18 1
  2.44   0.22 1
  2.64   0.70 1
  2.59   1.29 1
  3.65   1.62 1
  2.05   0.35 1
  3.22  -0.00 1
  2.69   0.41 1
  2.95   0.82 1
  3.26   0.81 1
  2.36   1.58 1
  3.64   1.86 1
  3.35   0.88 1
  3.16   1.75 1
  3.04   1.00 1
  3.64   1.26 1
  4.03   2.23 1
  2.84   0.02 1
  1.44   0.22 1
  2.47   0.79 1
  2.98  -0.27 1
  3.54   0.75 1
  3.04   0.15 1
  2.49   0.15 1
  2.27   0.39 1
  3.65   1.50 1
  2.71   0.01 1
  3.25   0.08 1
  3.27   1.82 1
  2.78   0.89 1
  3.05   1.46 1
  1.86  -0.06 1
  2.92   0.23 1
  1.92  -0.44 1
  2.67   0.63 1
  3.68   1.87 1
  2.86   1.72 1
  2.37   0.93 1
  2.85   0.52 1
  2.35   0.39 1
  2.96   1.68 1
  2.56   0.16 1
