0.130359 0.026001 1
-0.274629 0.985175 0
-0.004553 0.074094 1
0.119707 0.121914 1
0.041210 0.144460 1
-0.009493 0.184189 1
0.046005 0.963110 0
1.579065 -0.286177 1
1.559362 -0.262983 1
0.601667 0.738006 0
1.878498 0.032002 1
2.038468 0.453684 1
-1.042057 0.366306 0
0.018208 0.275958 1
-0.925888 0.467326 0
1.882875 0.044985 1
1.107544 0.073194 0
0.985566 0.289734 0
2.023123 0.104341 1
-0.887065 0.457500 0
1.375922 -0.385377 1
1.991342 0.530171 1
0.023413 0.365890 1
1.981896 0.131246 1
0.752326 0.712316 0
-0.072061 0.998021 0
-0.932215 0.470999 0
1.774433 -0.165516 1
0.008948 1.036647 0
1.002142 0.115018 0
0.956126 0.360783 0
0.660815 -0.451162 1
0.247560 1.071850 0
-0.983043 0.097717 0
0.833485 0.489579 0
0.256421 -0.173172 1
1.909637 -0.074844 1
1.632396 -0.435604 1
-0.848980 0.599224 0
0.295590 -0.101116 1
1.910452 0.107970 1
1.428334 -0.411086 1
0.183478 0.981933 0
1.401541 -0.264192 1
1.921525 0.252095 1
0.139921 1.052116 0
0.884225 0.439703 0
1.949448 0.112655 1
0.940515 0.025208 0
-0.056646 1.011173 0
0.046346 1.018138 0
0.418195 -0.280341 1
0.961110 0.083375 0
0.154777 -0.088509 1
0.371958 -0.368859 1
0.896639 0.307431 0
1.209380 -0.467546 1
-0.162833 1.048344 0
0.394821 0.927312 0
-0.958305 0.233410 0
0.558189 -0.465336 1
-0.027801 0.205092 1
0.452438 -0.374381 1
-0.905371 0.377575 0
1.139732 -0.446639 1
0.044456 0.140683 1
-0.418390 0.973947 0
0.640596 0.647197 0
-0.241183 0.936035 0
-0.937055 0.101924 0
-0.775454 0.568042 0
-0.824763 0.366873 0
1.686343 -0.227492 1
0.394947 -0.208296 1
0.915170 0.280624 0
-0.886633 0.323533 0
-0.590139 0.809265 0
0.021556 0.258410 1
0.186126 0.974050 0
-0.671465 0.759742 0
0.002945 0.155842 1
-0.075905 0.281463 1
0.354512 0.877707 0
0.074854 0.029326 1
0.828255 0.458158 0
0.046319 0.509894 1
0.211731 -0.051260 1
-0.367682 0.909852 0
1.685559 -0.091160 1
0.025021 0.157319 1
0.527432 0.907324 0
1.139473 -0.468797 1
0.530829 -0.407425 1
-0.041615 0.951053 0
0.425985 -0.330922 1
-0.902414 0.536228 0
1.701234 -0.361083 1
-0.036151 0.884918 0
-0.089982 0.997382 0
0.997330 0.209309 0
-0.746130 0.625398 0
-0.180774 0.954811 0
0.279281 -0.140821 1
0.087635 0.405582 1
-0.268862 0.915465 0
0.200585 1.125864 0
0.084333 0.922179 0
0.931677 -0.510320 1
1.546926 -0.427356 1
0.630815 -0.381135 1
0.434318 -0.244838 1
-0.191162 0.974257 0
-0.879396 0.620045 0
2.101045 0.331959 1
1.875019 0.035118 1
0.130362 -0.078727 1
1.838147 -0.028740 1
0.498014 -0.312899 1
1.649161 -0.343696 1
-0.696642 0.675893 0
1.989427 0.199096 1
0.271246 -0.101278 1
0.465859 -0.385692 1
1.721724 -0.205597 1
1.179443 -0.462164 1
1.030258 -0.452053 1
0.104691 1.041841 0
0.281826 -0.054444 1
-0.952883 0.496802 0
0.680689 -0.520999 1
-0.103298 1.043561 0
1.686220 -0.224173 1
1.692363 -0.360911 1
-0.615972 0.776564 0
0.010716 0.979795 0
1.885119 -0.023935 1
-0.667308 0.776868 0
-0.703015 0.543754 0
-0.417613 0.920957 0
1.813169 -0.075183 1
0.749911 0.633263 0
0.704793 -0.436114 1
-0.436708 1.011704 0
1.576675 -0.302070 1
-0.564525 0.821351 0
0.745276 0.694049 0
1.416634 -0.386532 1
-0.454867 0.894862 0
-0.742597 0.744662 0
-0.128414 0.948606 0
0.701781 -0.371128 1
0.037754 -0.011055 1
0.950642 0.268863 0
0.051403 -0.028684 1
0.628132 0.838867 0
0.429756 0.806861 0
1.851987 -0.019646 1
-0.944380 0.244109 0
0.700434 0.791387 0
0.617612 0.810337 0
0.817340 0.570247 0
-0.778648 0.692234 0
-0.821380 0.583365 0
0.897748 0.638305 0
0.814104 0.433693 0
0.345746 -0.274868 1
0.384534 -0.349233 1
1.604127 -0.274887 1
0.196997 -0.125631 1
0.730832 -0.406036 1
0.096738 0.008400 1
0.134478 0.201016 1
0.414437 -0.317804 1
-0.592718 0.751948 0
0.950564 0.368955 0
0.784493 0.476722 0
0.328573 0.898249 0
0.006429 0.272229 1
0.686571 -0.463489 1
-0.169609 0.919682 0
1.905376 0.078472 1
1.488391 -0.319792 1
1.429484 -0.398794 1
-0.580820 0.830540 0
0.761256 -0.553227 1
-0.142186 0.988401 0
0.780678 0.680197 0
1.414833 -0.358889 1
0.847352 -0.455266 1
1.264973 -0.514162 1
0.290129 0.931880 0
-0.353293 0.930589 0
-0.014189 1.041308 0
-0.297703 0.905663 0
0.584694 0.855741 0
-0.002887 0.988665 0
1.243182 -0.507143 1
0.051146 0.994979 0
1.934224 0.207057 1
0.051429 0.234532 1
0.142919 -0.044031 1
-0.840895 0.467267 0
1.022880 0.059979 0
1.326264 -0.378003 1
1.882106 0.184518 1
-1.032367 0.285456 0
0.143167 -0.015530 1
1.869490 0.063648 1
-0.951237 -0.007522 0
-0.494186 0.842961 0
0.776635 0.577952 0
0.972422 0.144571 0
0.580240 0.724899 0
-0.576659 0.800051 0
1.355874 -0.390403 1
1.127214 -0.475647 1
-0.745171 0.691075 0
0.892550 0.249358 0
0.685585 -0.409444 1
0.400312 -0.396006 1
1.408533 -0.412874 1
0.272682 0.948217 0
1.214218 -0.399755 1
1.696118 -0.177580 1
0.333633 0.983987 0
-0.105168 0.356065 1
2.022342 0.254936 1
0.083600 0.144114 1
-0.001233 0.385797 1
-0.748596 0.677755 0
0.032118 0.270581 1
0.335442 -0.264656 1
-0.021228 0.292806 1
0.780782 0.674889 0
0.862122 0.435103 0
1.325316 -0.341543 1
-0.474771 0.814265 0
0.345934 -0.197768 1
1.793001 -0.050163 1
1.705738 -0.141795 1
0.565697 -0.321798 1
-0.833367 0.541814 0
-0.688364 0.588208 0
1.978222 0.213937 1
-0.697198 0.750778 0
-0.973095 0.027530 0
0.847811 0.257679 0
0.403800 -0.278946 1
-1.083424 0.026281 0
0.056962 -0.021488 1
1.820566 -0.039065 1
0.770202 0.739754 0
-0.598757 0.855940 0
1.835733 -0.012437 1
1.064947 0.086990 0
2.050945 0.256950 1
0.506202 0.851462 0
2.015623 0.438522 1
0.002955 0.432767 1
0.038473 0.030815 1
0.133121 0.362365 1
-0.655238 0.802128 0
1.876039 -0.044742 1
0.053641 0.963853 0
1.625990 -0.392538 1
0.961934 -0.525598 1
0.244146 -0.181418 1
0.619808 0.849672 0
1.080589 0.301602 0
1.629893 -0.288197 1
1.819910 -0.080108 1
-0.992045 0.303915 0
0.457724 0.926476 0
-0.093054 0.978128 0
-1.045747 0.380276 0
0.150792 0.369433 1
0.041865 0.268638 1
0.938637 0.312166 0
0.978334 0.176194 0
0.622689 -0.396077 1
0.236325 -0.096580 1
0.639179 0.734987 0
0.466120 0.788372 0
0.145400 0.204680 1
2.080374 0.266771 1
-0.391907 0.914021 0
1.988565 0.341594 1
-1.098342 0.008685 0
1.840873 -0.065998 1
-0.625129 0.711274 0
2.023918 0.367159 1
-0.017061 0.939675 0
0.956531 -0.499805 1
0.335655 0.862580 0
2.018805 0.218891 1
1.828016 -0.096856 1
-0.821253 0.577049 0
-0.480441 0.878714 0
0.094860 1.026364 0
0.961866 -0.445279 1
0.685713 0.727847 0
-1.009949 0.227873 0
1.948407 0.058146 1
1.694359 -0.318372 1
-0.627306 0.759510 0
1.388796 -0.365834 1
-0.404170 0.867770 0
0.988834 0.031537 0
-0.076741 0.996587 0
-0.986988 0.096123 0
-0.652121 0.858160 0
0.418107 0.946162 0
-1.021271 0.245031 0
0.497842 -0.302737 1
0.821727 -0.512778 1
-0.843184 0.520134 0
0.032853 0.113100 1
0.478651 0.886551 0
-0.144642 0.997744 0
0.972511 0.215825 0
-0.832319 0.444721 0
0.922219 -0.453136 1
0.010273 0.390080 1
-0.574221 0.921397 0
0.710916 0.736860 0
-0.904971 0.481151 0
0.093267 0.218690 1
0.017814 1.092287 0
0.284454 -0.170833 1
0.013679 1.053677 0
-0.997860 0.149851 0
-0.694884 0.692242 0
0.503189 0.872254 0
0.582535 0.832840 0
1.649979 -0.258324 1
-0.519207 0.829976 0
0.261881 -0.101895 1
1.781832 -0.247443 1
-0.340037 1.024998 0
0.359288 0.967678 0
0.481168 -0.325664 1
0.415600 0.939333 0
0.895403 0.477843 0
-1.052566 0.238265 0
-0.982761 0.219673 0
0.072733 1.062111 0
2.122896 0.407368 1
0.667494 0.769920 0
-0.726792 0.661817 0
1.989076 0.347969 1
0.824464 0.642758 0
0.078245 -0.040056 1
1.783542 -0.092770 1
-1.028885 0.162975 0
0.976953 0.412674 0
0.942187 0.306424 0
-0.003325 0.388190 1
-0.369365 0.902121 0
0.654669 -0.416446 1
0.024270 0.356110 1
-0.579963 0.845920 0
0.788910 -0.469848 1
-0.180211 0.925024 0
1.601326 -0.269357 1
1.864926 -0.087148 1
-0.841304 0.556205 0
1.244829 -0.438067 1
-1.008521 0.116525 0
-1.020145 0.123436 0
0.739270 0.649967 0
-0.249957 1.022182 0
0.090277 1.001970 0
0.001303 0.983901 0
0.596165 0.750019 0
0.110078 0.081790 1
1.016331 -0.470384 1
1.768608 -0.223684 1
1.204663 -0.438929 1
1.340015 -0.418953 1
1.320317 -0.440010 1
0.925274 0.359170 0
0.901589 0.401382 0
-1.019598 0.103880 0
-0.306372 0.904138 0
-0.872781 0.652804 0
1.848603 0.068964 1
0.813495 0.681014 0
-1.012558 0.209752 0
1.969443 0.376777 1
-0.932586 0.100550 0
0.341287 0.962313 0
-0.348812 0.882832 0
0.655487 -0.374582 1
-0.374269 0.751203 0
0.761892 0.617277 0
0.970068 0.058541 0
2.011207 0.390053 1
1.000753 0.315343 0
-0.922065 0.465240 0
0.264779 0.974759 0
1.276711 -0.466418 1
1.962074 0.252304 1
-0.467952 0.889222 0
-0.539327 0.802516 0
-0.977382 0.027705 0
0.772231 0.541862 0
1.220247 -0.383970 1
0.575744 0.739742 0
1.064410 0.210728 0
0.679391 -0.470444 1
0.312586 0.875953 0
-1.063480 0.094306 0
-0.419366 0.982095 0
0.288733 -0.228551 1
1.806678 -0.148053 1
-0.025076 0.470836 1
1.489914 -0.443355 1
-0.736369 0.653291 0
-0.972873 0.466598 0
0.428883 -0.242007 1
-0.938473 0.209115 0
0.364760 -0.207428 1
-0.090446 1.049346 0
0.739040 0.627767 0
1.637838 -0.249174 1
0.990621 0.463755 0
1.250212 -0.538368 1
1.908512 0.068978 1
0.086582 0.353844 1
-0.156793 1.046397 0
1.932154 0.196433 1
0.179053 -0.085080 1
-0.715558 0.669130 0
0.032614 0.990051 0
0.384080 0.950881 0
1.923693 0.337045 1
0.553887 -0.338749 1
0.868017 0.594094 0
1.011910 0.056596 0
1.978684 0.067389 1
0.408023 -0.209877 1
1.948517 0.287971 1
0.128964 -0.075557 1
0.176347 -0.083183 1
1.017576 0.207411 0
-0.036998 0.993997 0
0.233074 0.917585 0
0.532203 0.898507 0
0.600642 0.811548 0
0.697691 -0.531801 1
1.328841 -0.426807 1
0.680599 0.614715 0
0.474925 -0.433723 1
-0.924921 0.314639 0
-0.753940 0.710084 0
0.216099 -0.109893 1
0.450846 -0.226859 1
1.670115 -0.290721 1
-0.912270 0.525455 0
-0.911996 0.392814 0
0.683662 0.758691 0
-0.042043 0.265439 1
0.812949 0.575852 0
0.385215 -0.327146 1
0.028840 0.108992 1
1.835696 0.086840 1
0.303620 -0.094333 1
1.588360 -0.276583 1
0.896418 -0.481825 1
-0.298900 0.869132 0
0.514129 -0.484543 1
1.696357 -0.152524 1
0.738923 0.650286 0
-0.276516 0.834625 0
0.879309 0.129012 0
0.485494 -0.334572 1
-0.950065 0.272361 0
0.716775 -0.465090 1
0.332082 -0.316115 1
-0.512042 0.904062 0
0.732476 -0.484046 1
0.987698 -0.497422 1
0.102915 0.167194 1
1.943465 -0.080648 1
0.033312 0.154599 1
0.288502 -0.237539 1
-0.189854 0.977152 0
-0.944482 0.386668 0
1.839847 0.069256 1
0.938684 0.365428 0
0.420084 -0.335114 1
-0.845182 0.448524 0
0.539613 -0.384570 1
0.032877 1.005218 0
0.914449 -0.473289 1
1.887463 0.161467 1
1.502890 -0.352306 1
0.421943 0.898585 0
0.709112 -0.487921 1
0.817107 -0.412847 1
1.742615 -0.031347 1
-0.847176 0.476987 0
1.818575 -0.019438 1
1.977954 0.026017 1
0.166494 0.973824 0
-1.114110 0.191540 0
1.600629 -0.348336 1
-0.940549 -0.057116 0
0.509165 -0.287404 1
1.006795 -0.088791 0
0.064536 0.320549 1
-0.018344 0.256881 1
0.297498 -0.183499 1
1.716161 -0.154195 1
1.611363 -0.237875 1
0.441733 0.918237 0
1.967988 0.185642 1
0.454381 -0.392957 1
-0.987638 0.199217 0
-0.553517 0.785624 0
-0.739474 0.713112 0
0.959449 0.494099 0
1.989843 0.379067 1
-0.878075 0.498860 0
-0.560987 0.844757 0
-0.937273 0.503540 0
0.935183 0.225712 0
-0.171043 0.984705 0
-0.431713 0.908974 0
0.898194 0.347372 0
1.927108 0.208354 1
1.217415 -0.404182 1
-0.963332 0.384787 0
0.112418 0.945480 0
-0.054188 0.360175 1
0.949507 -0.471155 1
0.949368 0.047523 0
-0.229332 1.054075 0
0.247682 -0.197130 1
-0.060147 0.974323 0
1.397553 -0.355330 1
1.891347 0.344260 1
0.913070 0.321582 0
0.884237 0.224293 0
0.026203 0.910122 0
-0.211420 0.944895 0
0.921973 0.503366 0
0.825270 -0.456299 1
1.543990 -0.239372 1
-0.376682 0.894220 0
0.820779 0.573087 0
1.196286 -0.501647 1
0.628987 -0.349787 1
0.146871 0.904957 0
0.448051 0.906963 0
0.687157 -0.464194 1
-0.008837 0.296611 1
-0.165250 1.076753 0
1.958078 0.157110 1
1.019297 -0.570533 1
-0.050102 0.950946 0
0.177062 0.965524 0
0.321328 -0.261790 1
1.969741 0.139010 1
1.986215 0.175526 1
-0.832439 0.675996 0
1.150790 -0.530759 1
-1.064051 0.058459 0
1.205282 -0.431635 1
1.294746 -0.497328 1
0.944076 0.418732 0
-0.238192 0.894483 0
1.735697 -0.328208 1
-0.443246 0.828101 0
1.585596 -0.278450 1
-0.040937 0.221286 1
-0.047218 0.327146 1
2.058957 0.454767 1
1.427850 -0.420158 1
1.882910 0.196942 1
0.223585 -0.308039 1
0.150012 0.979140 0
-0.040627 0.966951 0
0.232158 -0.151425 1
-0.816251 0.617848 0
2.043814 0.472978 1
1.355148 -0.392101 1
1.449459 -0.309044 1
0.871925 -0.536961 1
-0.852008 0.592917 0
1.876430 -0.076766 1
0.165008 0.146211 1
0.326740 0.855121 0
-0.259528 0.935487 0
0.016548 0.338937 1
-0.689537 0.692448 0
1.704671 -0.238477 1
0.150881 -0.003652 1
1.822697 -0.088327 1
0.663632 0.680427 0
0.059504 0.359134 1
2.039629 0.311517 1
0.161430 -0.128564 1
1.943223 0.488196 1
-0.973489 0.269143 0
1.837665 -0.064082 1
0.231758 0.982235 0
0.246557 -0.177215 1
0.478250 0.844676 0
0.460774 0.907013 0
1.350962 -0.413200 1
-0.583358 0.760916 0
1.657226 -0.273061 1
-0.931427 0.127803 0
2.080628 0.445965 1
0.262929 0.965071 0
0.703229 -0.437721 1
0.497273 0.988199 0
0.272289 0.861586 0
0.376277 -0.361027 1
1.642698 -0.249308 1
0.042196 0.172325 1
0.653159 -0.497354 1
2.059586 0.454226 1
0.320210 -0.219919 1
0.363034 0.892978 0
0.697529 -0.459356 1
0.110680 0.068156 1
1.523843 -0.234875 1
0.225881 -0.111754 1
1.749275 -0.182519 1
0.949247 -0.481866 1
-0.055854 0.984655 0
-0.770402 0.745403 0
0.149462 0.002922 1
1.849339 -0.037830 1
0.603294 -0.480633 1
1.348456 -0.451990 1
1.248617 -0.595914 1
0.920208 0.550668 0
-0.079863 0.985858 0
0.548503 0.818816 0
1.659495 -0.282235 1
0.880437 0.445305 0
0.632505 0.809270 0
1.974523 0.069816 1
1.287611 -0.402607 1
-0.474127 0.950825 0
0.161087 0.052250 1
0.317326 0.968098 0
0.765258 0.629788 0
2.127661 0.308267 1
0.176021 -0.076857 1
0.340252 -0.140361 1
1.716430 -0.142098 1
0.833174 0.479385 0
0.450041 0.950835 0
1.584678 -0.367635 1
1.051139 0.322808 0
1.882365 0.039272 1
1.083342 0.029973 0
1.955447 0.392386 1
0.565390 0.828595 0
-0.897198 0.296019 0
1.026869 0.216286 0
-0.926363 0.377371 0
1.975428 0.028910 1
0.694551 -0.470627 1
0.836001 0.543268 0
1.031389 -0.557778 1
0.924485 -0.501961 1
0.896711 -0.523989 1
-0.219453 0.952942 0
0.245829 0.007872 1
0.131680 1.024814 0
2.041879 0.408406 1
0.560443 -0.334314 1
0.948274 -0.594509 1
0.060117 0.432069 1
0.991290 0.326153 0
-0.705713 0.828380 0
-0.843380 0.382381 0
0.729202 -0.516650 1
0.956000 0.156086 0
0.145843 -0.043107 1
0.567740 0.885386 0
0.700582 0.816309 0
1.055759 0.287845 0
1.533355 -0.334616 1
0.922571 0.399240 0
0.551317 -0.394760 1
0.381270 0.871475 0
0.560385 -0.290691 1
0.553118 -0.399535 1
-1.009976 0.226708 0
-0.771521 0.647823 0
0.997507 -0.479102 1
0.531468 -0.301120 1
0.176178 -0.064618 1
1.944388 0.296950 1
0.182911 -0.199677 1
0.035390 0.462377 1
-0.386818 0.970194 0
1.007795 -0.431958 1
0.789822 -0.356472 1
1.364567 -0.433291 1
0.691097 0.723569 0
1.947527 0.218093 1
1.222623 -0.415254 1
-0.689959 0.657529 0
-0.654561 0.627637 0
0.314725 0.932905 0
-0.745494 0.705022 0
0.832621 0.598352 0
1.474802 -0.403791 1
-0.397636 0.943687 0
-0.066483 0.415434 1
0.250013 -0.132842 1
1.250296 -0.454630 1
1.613407 -0.407503 1
0.753697 0.648753 0
0.295692 -0.149484 1
0.338926 -0.273072 1
0.458521 0.840199 0
0.935280 0.164530 0
0.900491 0.389685 0
-0.356041 0.956737 0
2.098557 0.395013 1
1.878540 0.230568 1
0.857763 0.577561 0
0.968363 0.516988 0
0.474490 0.917894 0
0.516746 -0.416524 1
1.749774 0.005694 1
0.551965 -0.344736 1
0.055388 0.152750 1
0.743499 -0.487091 1
0.790840 -0.428470 1
1.941209 0.263366 1
0.201958 0.973622 0
1.817938 0.037898 1
0.009640 0.502500 1
0.060639 0.126854 1
0.750217 0.532829 0
0.861560 0.543314 0
0.266217 -0.301569 1
0.300627 -0.180750 1
-0.985031 0.055928 0
1.076815 -0.447022 1
1.994688 0.181086 1
1.928306 0.112147 1
-0.947369 0.348345 0
-0.725011 0.799120 0
-0.171712 1.020633 0
0.874215 0.526223 0
0.055765 0.948814 0
0.901786 0.101740 0
0.442981 -0.343583 1
1.004533 -0.476980 1
-0.920254 0.415544 0
0.936480 0.038486 0
-0.992099 0.348564 0
0.862112 -0.583138 1
-0.965191 0.277902 0
1.406884 -0.394944 1
1.309201 -0.449081 1
-0.913204 0.442421 0
0.192334 0.980609 0
-0.948545 0.177505 0
-0.966993 0.285842 0
1.761860 -0.230835 1
-0.158209 0.978068 0
0.730148 0.839324 0
-0.972381 0.371336 0
0.092953 0.107566 1
1.776639 -0.075798 1
0.748289 -0.457262 1
0.638695 0.841739 0
-0.046766 0.418654 1
-0.952099 0.382538 0
-0.440481 0.925189 0
0.576066 -0.466430 1
1.269147 -0.302988 1
0.268505 -0.133374 1
1.866430 -0.066378 1
-0.795520 0.567746 0
0.824961 0.540672 0
0.119902 1.071518 0
0.338573 -0.170382 1
-0.103885 0.999611 0
0.936222 -0.559469 1
1.329828 -0.389678 1
-0.456512 0.901638 0
0.126737 0.431510 1
-1.013765 0.207439 0
-0.937952 0.413845 0
0.097100 -0.003899 1
-0.931405 0.217648 0
0.532072 -0.345917 1
2.025337 0.394882 1
0.778536 0.522644 0
0.596801 0.670127 0
1.600714 -0.320555 1
-0.664174 0.873485 0
-0.992564 0.081085 0
1.377981 -0.420394 1
1.046526 -0.431820 1
0.748409 0.634260 0
-0.385193 0.969225 0
0.585403 0.757681 0
1.938377 0.493757 1
1.614653 -0.274707 1
0.439972 0.904218 0
0.953285 0.105305 0
0.013625 1.037069 0
0.669742 -0.562412 1
0.951596 0.253901 0
0.621532 0.882234 0
0.899507 -0.468859 1
1.943786 0.366280 1
-0.898577 0.136590 0
-0.872027 0.558171 0
-0.517513 0.947176 0
1.520465 -0.403702 1
1.022239 -0.525732 1
0.954704 0.107588 0
-0.834420 0.469548 0
0.559255 0.819704 0
1.040857 -0.471480 1
-0.892979 0.390202 0
0.253596 0.975368 0
0.621693 -0.410460 1
1.353725 -0.386653 1
0.302551 -0.272292 1
1.759255 -0.246557 1
0.235819 1.004315 0
0.352265 1.006264 0
0.622807 0.641338 0
0.889926 -0.506283 1
1.255242 -0.448033 1
0.366633 -0.359728 1
0.109044 0.106407 1
0.334794 0.944493 0
-0.745079 0.603951 0
1.471414 -0.428473 1
-0.761549 0.665968 0
0.894157 0.111951 0
0.209459 0.949291 0
1.528172 -0.295653 1
0.171327 -0.068852 1
-0.310513 1.000431 0
-0.141690 0.962583 0
0.912056 0.073113 0
-0.540133 0.895594 0
1.577807 -0.394721 1
0.251010 0.995036 0
1.806350 0.087926 1
0.887868 0.480059 0
1.973736 0.356660 1
0.681948 0.596372 0
0.574582 0.760288 0
0.367508 0.941310 0
2.004862 0.252277 1
0.877408 0.376065 0
0.932227 0.111210 0
-0.992431 0.212354 0
-0.949541 0.307610 0
0.873308 -0.509853 1
0.948579 0.373467 0
-0.654896 0.786541 0
1.735195 -0.138980 1
-0.551650 0.826624 0
-0.210087 0.982266 0
-0.615426 0.894647 0
-0.530475 0.852762 0
-0.486642 0.782730 0
0.153693 0.948511 0
-0.865144 0.575400 0
0.742726 0.702740 0
0.333629 -0.016087 1
0.779119 -0.513522 1
1.561071 -0.350895 1
0.625394 -0.476405 1
0.997213 0.144534 0
-0.597573 0.863100 0
0.150434 0.043190 1
0.886745 -0.582526 1
0.065105 0.178572 1
0.619359 -0.448387 1
0.458602 -0.408792 1
0.045423 0.395028 1
1.187000 -0.534092 1
1.893872 0.199034 1
0.982975 0.289760 0
2.017569 0.412559 1
1.946597 0.323412 1
0.996528 0.185874 0
1.483780 -0.380217 1
-0.166336 0.967759 0
0.526890 -0.411456 1
1.614807 -0.263018 1
0.878911 -0.519926 1
0.893302 0.551015 0
0.014976 0.537065 1
0.045812 0.199887 1
1.252645 -0.387062 1
1.025760 -0.548686 1
-1.066505 0.101545 0
-0.934185 0.018884 0
0.867428 0.491493 0
1.560598 -0.335898 1
0.078463 0.068861 1
1.178837 -0.485922 1
1.506699 -0.384012 1
-0.450024 0.876041 0
0.068738 0.304628 1
1.005790 -0.024636 0
0.296162 0.884696 0
0.895716 0.466213 0
-1.041680 0.172545 0
0.767209 0.756561 0
0.278546 -0.166179 1
0.762901 0.612844 0
0.983242 -0.436780 1
0.696770 -0.401170 1
-0.310652 1.010887 0
0.053925 0.189559 1
2.055465 0.434089 1
-0.976899 0.018481 0
-0.421152 0.895839 0
0.966459 0.244942 0
0.684223 0.715883 0
-0.635634 0.769773 0
1.060099 -0.544930 1
0.934441 0.026489 0
-0.787223 0.624280 0
1.086332 -0.488357 1
0.742176 -0.615143 1
1.041529 0.236301 0
-0.839580 0.577996 0
1.416342 -0.433000 1
0.721914 0.677103 0
0.139399 -0.062203 1
-0.263170 0.985022 0
0.469796 0.923848 0
0.814555 -0.543827 1
0.135446 0.068455 1
1.080435 0.111455 0
1.823910 -0.105949 1
-0.743680 0.718616 0
1.011351 -0.555301 1
2.011508 0.146626 1
0.871963 0.501495 0
1.070321 -0.456812 1
1.019547 -0.575734 1
-0.035924 0.410412 1
-0.898338 0.559485 0
-0.033802 0.386827 1
-0.023777 0.280904 1
1.934516 0.075443 1
1.647602 -0.185446 1
0.100901 1.014218 0
1.011493 0.085763 0
1.021157 -0.519206 1
-0.916965 0.089403 0
0.509743 -0.345116 1
1.013351 0.160181 0
-0.883007 0.394281 0
1.871554 0.197771 1
1.066352 -0.487373 1
1.874266 -0.053403 1
0.932187 0.248843 0
0.996227 0.405585 0
1.760663 -0.020320 1
-0.997211 0.049411 0
-0.669127 0.628551 0
-0.822422 0.594075 0
0.863638 0.428532 0
-0.924110 0.359502 0
-0.279231 0.980646 0
-0.006512 0.350978 1
0.348394 0.916789 0
0.719307 0.618787 0
1.975247 0.537285 1
1.348721 -0.554582 1
0.655978 0.696244 0
0.260159 0.923051 0
0.164727 -0.084465 1
-0.453404 0.891035 0
-0.633804 0.810771 0
1.025529 -0.446140 1
1.897133 0.434424 1
-0.768598 0.583133 0
0.518533 0.864089 0
-0.805812 0.630388 0
0.633695 -0.480136 1
1.342685 -0.377875 1
1.354039 -0.428167 1
0.688920 0.684737 0
-0.027463 0.211981 1
